T: 	21.6797828746%
A: 	13.6116694195%
O: 	7.64010819532%
S: 	6.77460685819%
H: 	6.72730584772%
W: 	6.11315810018%
I: 	5.37057815918%
B: 	4.28908418202%
F: 	3.60696993401%
M: 	3.28504752297%
C: 	2.9493481186%
U: 	2.50083044654%
L: 	2.21977978242%
N: 	2.11997311956%
D: 	2.07910137265%
P: 	1.84902558388%
G: 	1.73835040405%
Y: 	1.29381275229%
E: 	1.2494202182%
R: 	1.11517107199%
K: 	0.764010819532%
J: 	0.669255720896%
V: 	0.266661359973%
Z: 	0.0567918280999%
Q: 	0.0301563076433%
X: 	0.0%
